22 65
92 94
59 78
14 58
86 91
24 53
72 72
25 69
72 96
46 56
42 53
9 34
41 41
64 74
10 36
52 75
90 95
9 20
72 99
76 93
15 20
18 96
81 83
25 43
51 83
18 54
56 97
86 98
1 7
1 18
15 53
13 44
59 72
88 96
30 88
84 93
72 94
3 33
3 63
25 91
10 94
50 87
27 91
61 64
58 61
3 20
53 70
3 29
47 52
32 69
55 63
79 79
48 91
2 55
17 18
60 70
76 81
24 75
8 52
24 75
66 88
63 81
61 92
10 51
12 31
20 84
16 66
58 73
37 49
9 69
8 49
23 61
53 68
23 24
81 90
66 78
14 84
24 75
2 21
42 87
27 43
62 84
32 64
25 88
31 45
77 92
19 95
28 49
91 98
40 91
25 51
23 63
27 96
95 96
26 30
22 26
80 87
46 82
31 49
0 0
